date,sum,in,out
20150101,118288,46497,71791
20150102,116737,49780,66957
20150103,120434,59131,61303
20150104,137502,71644,65858
20150105,122653,61634,61019
20150106,95966,42617,53349
20150107,89553,41022,48531
20150108,85423,40159,45264
20150109,89836,45678,44158
20150110,94472,49314,45158
20150111,103933,51402,52531
20150112,98444,43582,54862
20150113,89523,41905,47618
20150114,93426,45185,48241
20150115,96035,46929,49106
20150116,106168,51965,54203
20150117,105089,50337,54752
20150118,114642,51900,62742
20150119,107308,47573,59735
20150120,102464,47068,55396
20150121,105417,51125,54292
20150122,104359,50124,54235
20150123,117265,58561,58704
20150124,111781,53967,57814
20150125,121659,59456,62203
20150126,113135,54147,58988
20150127,109804,50980,58824
20150128,121279,57040,64239
20150129,116728,55333,61395
20150130,124930,63007,61923
20150131,123550,65893,57657
20150201,129115,68317,60798
20150202,118241,62410,55831
20150203,113793,60318,53475
20150204,117184,61131,56053
20150205,117660,60798,56862
20150206,124601,64743,59858
20150207,130221,68159,62062
20150208,133896,70181,63715
20150209,124266,65544,58722
20150210,120612,65639,54973
20150211,129249,69546,59703
20150212,126603,67709,58894
20150213,140830,75982,64848
20150214,148489,78709,69780
20150215,144745,78889,65856
20150216,130806,74204,56602
20150217,137316,74603,62713
20150218,121558,60442,61116
20150219,128195,65350,62845
20150220,127516,69139,58377
20150221,134304,70448,63856
20150222,157252,82182,75070
20150223,166864,85693,81171
20150224,157809,76166,81643
20150225,147903,68319,79584
20150226,139121,58842,80279
20150227,138535,58811,79724
20150228,137821,64557,73264
20150301,145322,70347,74975
20150302,124535,58484,66051
20150303,116469,55869,60600
20150304,109659,53406,56253
20150305,108694,49680,59014
20150306,125254,59016,66238
20150307,116721,55931,60790
20150308,123558,59125,64433
20150309,118074,55734,62340
20150310,113439,54114,59325
20150311,111402,55828,55574
20150312,112942,57322,55620
20150313,124772,64227,60545
20150314,120573,62251,58322
20150315,130134,65259,64875
20150316,120641,58248,62393
20150317,114959,56819,58140
20150318,117309,59384,57925
20150319,113676,58080,55596
20150320,127088,64670,62418
20150321,124002,63451,60551
20150322,130682,63565,67117
20150323,119994,57482,62512
20150324,119374,58937,60437
20150325,126994,61334,65660
20150326,122604,61907,60697
20150327,134462,69531,64931
20150328,127324,63844,63480
20150329,136761,68664,68097
20150330,119665,58431,61234
20150331,120755,59470,61285
20150401,126810,63223,63587
20150402,139536,66728,72808
20150403,146992,71230,75762
20150404,127443,70606,56837
20150405,129178,69121,60057
20150406,148633,73851,74782
20150407,139907,70159,69748
20150408,132888,66599,66289
20150409,121181,58234,62947
20150410,130768,63506,67262
20150411,131179,65159,66020
20150412,138577,67813,70764
20150413,129410,61578,67832
20150414,119722,57946,61776
20150415,130377,64349,66028
20150416,125141,61838,63303
20150417,131767,66880,64887
20150418,133793,70235,63558
20150419,140786,68481,72305
20150420,128958,63812,65146
20150421,132396,67158,65238
20150422,137620,67272,70348
20150423,128658,63833,64825
20150424,145508,73408,72100
20150425,139754,73899,65855
20150426,145504,75343,70161
20150427,127356,66765,60591
20150428,127357,67152,60205
20150429,135105,76314,58791
20150430,140023,76397,63626
20150501,136010,75235,60775
20150502,115514,62475,53039
20150503,137007,67455,69552
20150504,120800,54352,66448
20150505,129698,56976,72722
20150506,114414,51162,63252
20150507,107685,49781,57904
20150508,121803,60194,61609
20150509,114652,58969,55683
20150510,135076,67160,67916
20150511,121504,54912,66592
20150512,118255,52764,65491
20150513,126117,59870,66247
20150514,129762,61228,68534
20150515,138830,68520,70310
20150516,135764,68629,67135
20150517,149894,73343,76551
20150518,133887,66643,67244
20150519,131145,62971,68174
20150520,137304,67310,69994
20150521,130468,67585,62883
20150522,145652,75684,69968
20150523,140191,74370,65821
20150524,145564,72618,72946
20150525,141850,72454,69396
20150526,125199,60280,64919
20150527,130685,66270,64415
20150528,127538,65666,61872
20150529,131031,67408,63623
20150530,127202,65127,62075
20150531,139506,73022,66484
20150601,123140,63471,59669
20150602,114728,55421,59307
20150603,122726,59605,63121
20150604,115364,56117,59247
20150605,128112,63310,64802
20150606,127257,63851,63406
20150607,134828,65253,69575
20150608,123224,60648,62576
20150609,118519,58855,59664
20150610,123561,60482,63079
20150611,127374,64268,63106
20150612,137577,71272,66305
20150613,131638,66263,65375
20150614,141433,70580,70853
20150615,129294,63975,65319
20150616,120126,58589,61537
20150617,131909,65578,66331
20150618,136602,67025,69577
20150619,142385,70918,71467
20150620,128355,67147,61208
20150621,142774,74107,68667
20150622,136945,67698,69247
20150623,134696,63347,71349
20150624,132953,65441,67512
20150625,127584,60753,66831
20150626,145060,71711,73349
20150627,139897,69798,70099
20150628,144090,67760,76330
20150629,132700,65336,67364
20150630,133961,63424,70537
20150701,144306,64203,80103
20150702,130941,57288,73653
20150703,142681,66402,76279
20150704,138654,63707,74947
20150705,147859,68430,79429
20150706,133205,61714,71491
20150707,120379,54125,66254
20150708,123025,60016,63009
20150709,123904,63171,60733
20150710,103901,52046,51855
20150711,129920,65680,64240
20150712,155134,79375,75759
20150713,131357,66538,64819
20150714,123668,61662,62006
20150715,135789,71715,64074
20150716,131802,69355,62447
20150717,136752,73445,63307
20150718,144479,79326,65153
20150719,143642,72126,71516
20150720,136685,69027,67658
20150721,126165,61203,64962
20150722,130212,65425,64787
20150723,125425,63030,62395
20150724,139299,70574,68725
20150725,140257,71902,68355
20150726,147229,74663,72566
20150727,134345,68861,65484
20150728,123497,61108,62389
20150729,129892,65881,64011
20150730,130577,66614,63963
20150731,145090,73784,71306
20150801,146862,75993,70869
20150802,151778,78697,73081
20150803,132118,68225,63893
20150804,125829,62632,63197
20150805,137116,72311,64805
20150806,139655,70735,68920
20150807,122592,60440,62152
20150808,60487,26497,33990
20150809,170480,87094,83386
20150810,152527,81926,70601
20150811,136825,68350,68475
20150812,136743,65720,71023
20150813,132748,65847,66901
20150814,141196,68946,72250
20150815,145352,70435,74917
20150816,153958,74648,79310
20150817,144845,70925,73920
20150818,135357,61801,73556
20150819,138047,66502,71545
20150820,134087,65174,68913
20150821,139856,69167,70689
20150822,137782,70094,67688
20150823,145552,73453,72099
20150824,131368,68025,63343
20150825,133196,67902,65294
20150826,135149,70253,64896
20150827,128367,63753,64614
20150828,128993,65493,63500
20150829,136313,70126,66187
20150830,133519,65504,68015
20150831,115709,58264,57445
20150901,110823,53648,57175
20150902,122487,69084,53403
20150903,119847,62230,57617
20150904,119534,58354,61180
20150905,124494,58059,66435
20150906,132130,63636,68494
20150907,123868,61288,62580
20150908,111745,55532,56213
20150909,116819,59920,56899
20150910,118710,61284,57426
20150911,125302,64129,61173
20150912,130402,69179,61223
20150913,137553,68750,68803
20150914,123489,62509,60980
20150915,118708,58864,59844
20150916,125639,63306,62333
20150917,124086,64213,59873
20150918,135255,71288,63967
20150919,137205,76494,60711
20150920,139898,77184,62714
20150921,126765,66745,60020
20150922,124096,64018,60078
20150923,130027,68070,61957
20150924,132568,68893,63675
20150925,141372,74235,67137
20150926,133326,68621,64705
20150927,119962,66398,53564
20150928,61536,25990,35546
20150929,144606,77954,66652
20150930,141722,85723,55999
20151001,136028,81814,54214
20151002,121999,65981,56018
20151003,125837,62707,63130
20151004,130148,60906,69242
20151005,118688,52501,66187
20151006,124972,49519,75453
20151007,129616,50684,78932
20151008,129854,50234,79620
20151009,136960,58046,78914
20151010,122855,63941,58914
20151011,149205,79378,69827
20151012,145107,72680,72427
20151013,131599,62651,68948
20151014,130120,62935,67185
20151015,130825,63777,67048
20151016,146285,75428,70857
20151017,139270,73016,66254
20151018,147331,76800,70531
20151019,137311,72269,65042
20151020,130814,66781,64033
20151021,136444,69772,66672
20151022,135158,67830,67328
20151023,138853,67562,71291
20151024,140509,70688,69821
20151025,148714,76006,72708
20151026,132400,65931,66469
20151027,125559,63879,61680
20151028,131193,66708,64485
20151029,126619,62919,63700
20151030,134660,70457,64203
20151031,134922,73020,61902
20151101,137798,69722,68076
20151102,122880,59354,63526
20151103,125837,59173,66664
20151104,123133,62365,60768
20151105,124971,62031,62940
20151106,135402,69958,65444
20151107,130889,67139,63750
20151108,140540,72130,68410
20151109,125878,64584,61294
20151110,124247,61139,63108
20151111,124780,61416,63364
20151112,130453,67126,63327
20151113,133599,67665,65934
20151114,136594,70187,66407
20151115,152585,76860,75725
20151116,130136,62442,67694
20151117,129030,63243,65787
20151118,132990,67568,65422
20151119,130677,65579,65098
20151120,142850,73757,69093
20151121,142343,76440,65903
20151122,146317,74351,71966
20151123,134499,65841,68658
20151124,129020,63229,65791
20151125,129717,62961,66756
20151126,127726,63127,64599
20151127,142645,73318,69327
20151128,137041,68615,68426
20151129,144958,72989,71969
20151130,128413,64502,63911
20151201,124932,63911,61021
20151202,118642,61533,57109
20151203,123415,65004,58411
20151204,128185,65597,62588
20151205,128489,66205,62284
20151206,138846,68065,70781
20151207,121938,58853,63085
20151208,120511,59619,60892
20151209,116253,56492,59761
20151210,125258,63632,61626
20151211,131150,65758,65392
20151212,134829,69501,65328
20151213,143794,71678,72116
20151214,127331,62753,64578
20151215,127454,64301,63153
20151216,122068,60072,61996
20151217,124726,62039,62687
20151218,140845,74267,66578
20151219,132535,69553,62982
20151220,143064,74642,68422
20151221,122201,63817,58384
20151222,119987,62455,57532
20151223,137099,71942,65157
20151224,128229,70785,57444
20151225,129918,71304,58614
20151226,132515,70792,61723
20151227,139309,72827,66482
20151228,122083,62054,60029
20151229,130540,66676,63864
20151230,136482,66877,69605
20151231,129827,59787,70040
20160101,122001,53924,68077
20160102,123103,57254,65849
20160103,142623,68828,73795
20160104,128328,59348,68980
20160105,108688,48419,60269
20160106,103315,45741,57574
20160107,97701,45808,51893
20160108,106992,53440,53552
20160109,105764,54591,51173
20160110,118965,55719,63246
20160111,110834,50392,60442
20160112,102606,50216,52390
20160113,104186,53331,50855
20160114,110897,59293,51604
20160115,127717,66658,61059
20160116,128214,58665,69549
20160117,137920,56991,80929
20160118,129299,56241,73058
20160119,127003,56925,70078
20160120,138979,65169,73810
20160121,137222,63241,73981
20160122,143096,68631,74465
20160123,141725,71333,70392
20160124,153681,76346,77335
20160125,148898,76499,72399
20160126,143817,75994,67823
20160127,137752,72413,65339
20160128,123220,65364,57856
20160129,146657,77156,69501
20160130,152403,81654,70749
20160131,155392,81866,73526
20160201,138443,76422,62021
20160202,130363,70333,60030
20160203,147596,78982,68614
20160204,162148,84615,77533
20160205,161584,79117,82467
20160206,168940,84165,84775
20160207,136555,64671,71884
20160208,135344,58143,77201
20160209,152319,71419,80900
20160210,164536,82317,82219
20160211,165453,86390,79063
20160212,170821,91920,78901
20160213,177424,98263,79161
20160214,181218,94795,86423
20160215,172024,90422,81602
20160216,154253,79907,74346
20160217,143315,70876,72439
20160218,136438,66978,69460
20160219,134225,66389,67836
20160220,134648,68059,66589
20160221,142693,70019,72674
20160222,125709,57259,68450
20160223,125455,55563,69892
20160224,124836,55662,69174
20160225,129615,58982,70633
20160226,140483,61965,78518
20160227,139765,64797,74968
20160228,138396,65070,73326
20160229,136345,73979,62366
20160301,133801,71741,62060
20160302,121100,64238,56862
20160303,117443,60199,57244
20160304,124022,64440,59582
20160305,124494,64650,59844
20160306,134114,65467,68647
20160307,124624,61260,63364
20160308,117827,58510,59317
20160309,115862,58771,57091
20160310,123783,63331,60452
20160311,141336,75439,65897
20160312,132096,67002,65094
20160313,142991,69831,73160
20160314,132586,62955,69631
20160315,127683,61661,66022
20160316,129318,63841,65477
20160317,135436,68939,66497
20160318,137398,69129,68269
20160319,146899,78905,67994
20160320,154597,79951,74646
20160321,136734,65378,71356
20160322,137174,70211,66963
20160323,139967,72209,67758
20160324,137793,69174,68619
20160325,155561,81186,74375
20160326,150911,78070,72841
20160327,155380,73072,82308
20160328,152263,70234,82029
20160329,138067,63866,74201
20160330,146094,68698,77396
20160331,150046,67769,82277
20160401,171441,79842,91599
20160402,152662,67073,85589
20160403,142592,64346,78246
20160404,129329,60866,68463
20160405,146038,79878,66160
20160406,143497,77377,66120
20160407,129256,67770,61486
20160408,132663,66493,66170
20160409,139066,73533,65533
20160410,154269,77336,76933
20160411,136182,68635,67547
20160412,128656,63677,64979
20160413,135227,67912,67315
20160414,130572,62907,67665
20160415,147182,73446,73736
20160416,145129,74475,70654
20160417,149802,72876,76926
20160418,139866,69693,70173
20160419,130749,65259,65490
20160420,146353,71916,74437
20160421,136438,67087,69351
20160422,151355,75919,75436
20160423,145109,72907,72202
20160424,152936,74811,78125
20160425,137599,69800,67799
20160426,127602,65772,61830
20160427,136851,73814,63037
20160428,143348,81419,61929
20160429,154268,83050,71218
20160430,144503,79554,64949
20160501,141497,79889,61608
20160502,137770,69670,68100
20160503,124194,60727,63467
20160504,124901,59880,65021
20160505,120948,54473,66475
20160506,125788,61620,64168
20160507,126744,61005,65739
20160508,139965,61171,78794
20160509,130886,55904,74982
20160510,118350,52218,66132
20160511,129036,61937,67099
20160512,130130,61990,68140
20160513,151994,77395,74599
20160514,139453,69682,69771
20160515,151656,74115,77541
20160516,137002,65703,71299
20160517,138849,66494,72355
20160518,140294,67343,72951
20160519,140488,69801,70687
20160520,152810,75469,77341
20160521,148741,75546,73195
20160522,156746,79021,77725
20160523,139844,68615,71229
20160524,128602,64414,64188
20160525,139114,71595,67519
20160526,135731,67810,67921
20160527,148219,73755,74464
20160528,137197,72770,64427
20160529,146694,74532,72162
20160530,136936,71889,65047
20160531,126287,67050,59237
20160601,128360,65425,62935
20160602,119083,58433,60650
20160603,150314,80492,69822
20160604,146025,74030,71995
20160605,152439,69432,83007
20160606,123009,55762,67247
20160607,132825,61109,71716
20160608,150318,63700,86618
20160609,152180,65381,86799
20160610,144121,65701,78420
20160611,145998,76169,69829
20160612,170315,92476,77839
20160613,154667,84712,69955
20160614,136121,71580,64541
20160615,143149,73364,69785
20160616,133549,66236,67313
20160617,146097,73717,72380
20160618,148477,75973,72504
20160619,158353,77939,80414
20160620,141781,69329,72452
20160621,138169,66211,71958
20160622,140152,66885,73267
20160623,140045,64173,75872
20160624,142125,70305,71820
20160625,144167,70916,73251
20160626,165385,78227,87158
20160627,148662,72157,76505
20160628,137146,66443,70703
20160629,144887,72884,72003
20160630,151962,74764,77198
20160701,158805,74856,83949
20160702,149415,71849,77566
20160703,161693,76448,85245
20160704,142472,66198,76274
20160705,138216,65292,72924
20160706,147755,71850,75905
20160707,119075,50967,68108
20160708,81058,39264,41794
20160709,171672,89310,82362
20160710,164683,81631,83052
20160711,140541,67754,72787
20160712,137286,66034,71252
20160713,140978,70704,70274
20160714,137515,69638,67877
20160715,157107,82049,75058
20160716,151929,81107,70822
20160717,162885,83478,79407
20160718,148220,73152,75068
20160719,135733,66903,68830
20160720,145026,71618,73408
20160721,138252,70338,67914
20160722,151832,79401,72431
20160723,149957,78924,71033
20160724,163376,81747,81629
20160725,141018,72326,68692
20160726,132981,67830,65151
20160727,138082,70539,67543
20160728,136158,71368,64790
20160729,149278,80053,69225
20160730,146560,78894,67666
20160731,155341,79847,75494
20160801,138274,71574,66700
20160802,122140,61245,60895
20160803,133812,66554,67258
20160804,129283,65438,63845
20160805,146168,74064,72104
20160806,139678,71602,68076
20160807,151015,75034,75981
20160808,130504,65078,65426
20160809,124843,60577,64266
20160810,139447,70356,69091
20160811,139511,71366,68145
20160812,147592,74624,72968
20160813,144798,73282,71516
20160814,158621,77854,80767
20160815,141375,67786,73589
20160816,133049,64312,68737
20160817,133932,64110,69822
20160818,140608,63103,77505
20160819,149231,71087,78144
20160820,146149,71194,74955
20160821,165376,80189,85187
20160822,143222,69309,73913
20160823,138919,70307,68612
20160824,139571,71644,67927
20160825,146865,75634,71231
20160826,146745,78319,68426
20160827,140242,77375,62867
20160828,159369,85433,73936
20160829,129991,63177,66814
20160830,115645,56317,59328
20160831,119981,59304,60677
20160901,125637,61619,64018
20160902,129641,66240,63401
20160903,120284,61480,58804
20160904,142664,69132,73532
20160905,128070,61895,66175
20160906,119708,58978,60730
20160907,126559,63511,63048
20160908,132685,68970,63715
20160909,137548,74469,63079
20160910,139359,76295,63064
20160911,147774,75442,72332
20160912,119363,59848,59515
20160913,130022,63120,66902
20160914,113807,47360,66447
20160915,150349,67128,83221
20160916,127503,61966,65537
20160917,119505,63848,55657
20160918,172777,93258,79519
20160919,153645,80916,72729
20160920,130763,64981,65782
20160921,126222,63008,63214
20160922,128320,64079,64241
20160923,134843,67241,67602
20160924,134016,69377,64639
20160925,153054,78445,74609
20160926,132904,68162,64742
20160927,32412,11844,20568
20160928,160157,93812,66345
20160929,147509,90539,56970
20160930,141082,84357,56725
20161001,128601,79037,49564
20161002,134378,82718,51660
20161003,111573,62295,49278
20161004,109107,55140,53967
20161005,119624,50769,68855
20161006,134142,52038,82104
20161007,146078,58437,87641
20161008,137748,58877,78871
20161009,137290,58057,79233
20161010,140797,67750,73047
20161011,130653,63795,66858
20161012,130226,63695,66531
20161013,123701,59156,64545
20161014,135500,65941,69559
20161015,136299,69135,67164
20161016,149334,74547,74787
20161017,135782,67130,68652
20161018,127330,63957,63373
20161019,135653,67869,67784
20161020,137465,67571,69894
20161021,126137,63201,62936
20161022,148585,74610,73975
20161023,155782,78342,77440
20161024,131744,66269,65475
20161025,135079,72239,62840
20161026,136690,74276,62414
20161027,133136,68404,64732
20161028,149455,79580,69875
20161029,137653,71896,65757
20161030,141798,70033,71765
20161031,128533,68071,60462
20161101,123502,64628,58874
20161102,115723,60536,55187
20161103,123911,66232,57679
20161104,131373,67192,64181
20161105,126062,62771,63291
20161106,144388,68795,75593
20161107,124523,60219,64304
20161108,117739,57838,59901
20161109,122035,61955,60080
20161110,132431,66376,66055
20161111,143714,71646,72068
20161112,134940,70174,64766
20161113,149175,74263,74912
20161114,132328,65061,67267
20161115,133526,65257,68269
20161116,129594,62179,67415
20161117,136106,67401,68705
20161118,144893,72552,72341
20161119,142274,74614,67660
20161120,154888,78409,76479
20161121,135201,68684,66517
20161122,125113,63114,61999
20161123,129585,66609,62976
20161124,132999,70346,62653
20161125,143152,74215,68937
20161126,135482,71406,64076
20161127,150720,73641,77079
20161128,131300,64251,67049
20161129,125008,62873,62135
20161130,124146,62628,61518
20161201,126331,65072,61259
20161202,135027,70377,64650
20161203,129508,68434,61074
20161204,142482,68761,73721
20161205,126751,61394,65357
20161206,120284,59853,60431
20161207,120057,59738,60319
20161208,128606,64613,63993
20161209,137091,70917,66174
20161210,128888,66442,62446
20161211,147340,73989,73351
20161212,128337,61977,66360
20161213,122721,62353,60368
20161214,123264,60620,62644
20161215,133533,68735,64798
20161216,143237,74075,69162
20161217,137477,73036,64441
20161218,150180,76790,73390
20161219,132134,67470,64664
20161220,126155,68195,57960
20161221,128654,69215,59439
20161222,136697,71810,64887
20161223,146728,76479,70249
20161224,141089,77207,63882
20161225,142026,74834,67192
20161226,136354,69865,66489
20161227,137777,70794,66983
20161228,133920,67514,66406
20161229,138664,69164,69500
20161230,150716,72483,78233
20161231,129606,60533,69073
20170101,128447,62041,66406
20170102,143919,70887,73032
20170103,132356,62535,69821
20170104,118930,53841,65089
20170105,114672,52409,62263
20170106,110417,51560,58857
20170107,110800,51644,59156
20170108,127623,57081,70542
20170109,110698,48569,62129
20170110,107211,50443,56768
20170111,104454,51103,53351
20170112,112434,55652,56782
20170113,122086,60249,61837
20170114,127214,61101,66113
20170115,137934,64043,73891
20170116,126461,59280,67181
20170117,122421,59532,62889
20170118,127630,63139,64491
20170119,138890,68165,70725
20170120,154657,76616,78041
20170121,145893,73169,72724
20170122,156478,80977,75501
20170123,138187,76910,61277
20170124,148108,80014,68094
20170125,161872,87180,74692
20170126,165681,86657,79024
20170127,145693,68483,77210
20170128,131738,57042,74696
20170129,143898,67033,76865
20170130,144364,68622,75742
20170131,159944,77681,82263
20170201,171243,84591,86652
20170202,161541,75731,85810
20170203,164292,78478,85814
20170204,160559,77974,82585
20170205,177206,83564,93642
20170206,151641,71133,80508
20170207,143561,69927,73634
20170208,139430,68643,70787
20170209,140781,72830,67951
20170210,147799,77881,69918
20170211,137158,73833,63325
20170212,159126,80905,78221
20170213,141173,68458,72715
20170214,128462,64277,64185
20170215,132363,66978,65385
20170216,136180,71226,64954
20170217,136759,72478,64281
20170218,133608,73067,60541
20170219,145368,72549,72819
20170220,126981,58540,68441
20170221,123084,57910,65174
20170222,124076,56907,67169
20170223,139211,62737,76474
20170224,157022,68207,88815
20170225,155001,67485,87516
20170226,149909,64277,85632
20170227,138925,71825,67100
20170228,145556,84567,60989
20170301,136977,79108,57869
20170302,126802,73072,53730
20170303,128224,72782,55442
20170304,125816,69219,56597
20170305,144934,73833,71101
20170306,126237,61963,64274
20170307,121970,61117,60853
20170308,122598,62083,60515
20170309,131483,66794,64689
20170310,140798,72704,68094
20170311,132352,68925,63427
20170312,147992,73437,74555
20170313,132133,62735,69398
20170314,123446,59965,63481
20170315,132719,66817,65902
20170316,138641,69321,69320
20170317,147196,76519,70677
20170318,142737,75634,67103
20170319,153504,77142,76362
20170320,139530,67162,72368
20170321,138316,68761,69555
20170322,131891,65784,66107
20170323,136381,68102,68279
20170324,149968,76658,73310
20170325,141585,70723,70862
20170326,156174,74140,82034
20170327,136696,65566,71130
20170328,125029,56888,68141
20170329,132408,63277,69131
20170330,152121,72573,79548
20170331,166201,75747,90454
20170401,160734,75076,85658
20170402,151928,76735,75193
20170403,130014,68477,61537
20170404,144459,80123,64336
20170405,149869,78696,71173
20170406,128238,64062,64176
20170407,139994,72766,67228
20170408,145844,78835,67009
20170409,153816,77546,76270
20170410,143989,73483,70506
20170411,136703,73398,63305
20170412,146068,72761,73307
20170413,145837,76143,69694
20170414,162393,86867,75526
20170415,150625,74587,76038
20170416,163372,77212,86160
20170417,147534,67271,80263
20170418,147504,68577,78927
20170419,144612,68412,76200
20170420,152095,70718,81377
20170421,161500,76233,85267
20170422,156021,75591,80430
20170423,160981,76092,84889
20170424,145328,70770,74558
20170425,141780,70238,71542
20170426,146220,77850,68370
20170427,142970,77129,65841
20170428,157718,85748,71970
20170429,152705,86161,66544
20170430,149949,87488,62461
20170501,133937,71156,62781
20170502,135133,68843,66290
20170503,134747,67256,67491
20170504,129818,64221,65597
20170505,129912,62072,67840
20170506,130254,59134,71120
20170507,146085,64227,81858
20170508,122697,53637,69060
20170509,118598,53944,64654
20170510,129242,62012,67230
20170511,119293,55887,63406
20170512,145403,74223,71180
20170513,135995,69554,66441
20170514,143737,68314,75423
20170515,135967,62844,73123
20170516,131648,62100,69548
20170517,140990,67466,73524
20170518,144400,69900,74500
20170519,153081,77723,75358
20170520,148569,75736,72833
20170521,160488,79993,80495
20170522,139248,69316,69932
20170523,131486,63518,67968
20170524,139940,67702,72238
20170525,165366,81212,84154
20170526,170896,79673,91223
20170527,167312,79552,87760
20170528,160992,83702,77290
20170529,140961,79097,61864
20170530,152328,87138,65190
20170531,154693,87345,67348
20170601,144967,75565,69402
20170602,132457,65010,67447
20170603,147784,78569,69215
20170604,157884,75282,82602
20170605,139086,66977,72109
20170606,128688,62400,66288
20170607,132965,65531,67434
20170608,140604,70329,70275
20170609,150629,79200,71429
20170610,144329,72479,71850
20170611,158928,77631,81297
20170612,140072,67828,72244
20170613,131020,61563,69457
20170614,134689,62739,71950
20170615,151109,71745,79364
20170616,155705,73573,82132
20170617,147604,71598,76006
20170618,163109,79235,83874
20170619,154375,77705,76670
20170620,144650,71633,73017
20170621,142718,71801,70917
20170622,151337,74188,77149
20170623,163263,81203,82060
20170624,160803,80239,80564
20170625,174348,83468,90880
20170626,147898,69672,78226
20170627,154405,74527,79878
20170628,145899,71818,74081
20170629,145844,70359,75485
20170630,175522,85723,89799
20170701,156948,73693,83255
20170702,168749,78947,89802
20170703,146445,68313,78132
20170704,139838,62899,76939
20170705,151641,73423,78218
20170706,73518,45689,27829
20170707,152520,74992,77528
20170708,153403,77213,76190
20170709,166134,82252,83882
20170710,155167,75776,79391
20170711,138171,68391,69780
20170712,141463,71248,70215
20170713,144296,71624,72672
20170714,152100,77816,74284
20170715,156067,82494,73573
20170716,166022,83223,82799
20170717,144450,72079,72371
20170718,136013,66645,69368
20170719,143110,72736,70374
20170720,147555,73756,73799
20170721,153381,80101,73280
20170722,151176,80976,70200
20170723,162165,82863,79302
20170724,145300,75239,70061
20170725,138347,69671,68676
20170726,142063,73744,68319
20170727,148484,77229,71255
20170728,153915,80561,73354
20170729,113259,53576,59683
20170730,147427,82132,65295
20170731,152434,81129,71305
20170801,146053,75165,70888
20170802,141066,72698,68368
20170803,145330,74892,70438
20170804,154961,78843,76118
20170805,148777,77808,70969
20170806,160152,81019,79133
20170807,132994,67300,65694
20170808,139838,69313,70525
20170809,143904,71166,72738
20170810,151321,74360,76961
20170811,156461,77682,78779
20170812,155478,77809,77669
20170813,169281,83074,86207
20170814,151350,74557,76793
20170815,146500,70095,76405
20170816,152725,74919,77806
20170817,160121,79806,80315
20170818,165845,80665,85180
20170819,156495,78390,78105
20170820,170706,85185,85521
20170821,148859,73626,75233
20170822,138481,68434,70047
20170823,128606,63986,64620
20170824,155029,77609,77420
20170825,158425,81623,76802
20170826,150608,81429,69179
20170827,150360,76562,73798
20170828,146550,75902,70648
20170829,136757,69225,67532
20170830,126760,62181,64579
20170831,131127,63957,67170
20170901,135947,70592,65355
20170902,122096,63573,58523
20170903,134964,66944,68020
20170904,120721,58177,62544
20170905,115950,55659,60291
20170906,124696,57853,66843
20170907,125817,60814,65003
20170908,136526,69795,66731
20170909,129924,68056,61868
20170910,150825,76290,74535
20170911,130270,64716,65554
20170912,137973,68280,69693
20170913,104593,49612,54981
20170914,114532,60263,54269
20170915,142940,73617,69323
20170916,142277,76202,66075
20170917,136694,69673,67021
20170918,134546,66508,68038
20170919,127036,64838,62198
20170920,129494,63949,65545
20170921,130473,61832,68641
20170922,151618,77059,74559
20170923,135796,69196,66600
20170924,157554,78631,78923
20170925,140254,74112,66142
20170926,132160,72384,59776
20170927,139106,79961,59145
20170928,134864,77389,57475
20170929,145817,81734,64083
20170930,154932,87398,67534
20171001,149352,88809,60543
20171002,137027,77277,59750
20171003,153140,75353,77787
20171004,151623,69265,82358
20171005,146979,58978,88001
20171006,158854,58692,100162
20171007,162409,62626,99783
20171008,153074,60361,92713
20171009,154546,71330,83216
20171010,180083,95625,84458
20171011,147788,75071,72717
20171012,138409,68433,69976
20171013,147165,73415,73750
20171014,154006,81533,72473
20171015,154681,80533,74148
20171016,156153,81249,74904
20171017,139482,73359,66123
20171018,149189,79611,69578
20171019,150362,75826,74536
20171020,159785,82176,77609
20171021,155274,81012,74262
20171022,152254,77575,74679
20171023,149683,73492,76191
20171024,144543,72756,71787
20171025,144178,74444,69734
20171026,145193,74072,71121
20171027,159116,83835,75281
20171028,148099,77624,70475
20171029,153880,75603,78277
20171030,137275,68414,68861
20171031,134870,69268,65602
20171101,133444,68209,65235
20171102,139434,73854,65580
20171103,154174,79026,75148
20171104,142771,71648,71123
20171105,160176,78860,81316
20171106,151563,72548,79015
20171107,139502,68001,71501
20171108,140776,68628,72148
20171109,150352,76077,74275
20171110,158719,83875,74844
20171111,155657,80970,74687
20171112,169505,84915,84590
20171113,144969,70888,74081
20171114,144933,70598,74335
20171115,153086,77387,75699
20171116,151780,72967,78813
20171117,161509,81288,80221
20171118,157241,82255,74986
20171119,166774,84831,81943
20171120,149663,75337,74326
20171121,146219,75565,70654
20171122,144097,72753,71344
20171123,150287,77500,72787
20171124,159218,82535,76683
20171125,152520,76524,75996
20171126,164690,80850,83840
20171127,147105,73272,73833
20171128,141513,70403,71110
20171129,135686,68921,66765
20171130,143498,73910,69588
20171201,147403,76116,71287
20171202,143499,76410,67089
20171203,151267,76129,75138
20171204,137682,66326,71356
20171205,134807,66164,68643
20171206,131803,64940,66863
20171207,137317,67732,69585
20171208,150425,76663,73762
20171209,148006,77137,70869
20171210,157697,79668,78029
20171211,141757,69868,71889
20171212,139118,70529,68589
20171213,133367,66602,66765
20171214,143859,72792,71067
20171215,158643,81364,77279
20171216,150571,79760,70811
20171217,159911,82323,77588
20171218,145348,75026,70322
20171219,140930,73681,67249
20171220,141762,74715,67047
20171221,145050,76695,68355
20171222,156274,83799,72475
20171223,154194,81895,72299
20171224,150401,82140,68261
20171225,135903,70580,65323
20171226,145915,74416,71499
20171227,143844,73292,70552
20171228,149254,74417,74837
20171229,162552,79348,83204
20171230,158064,77092,80972
20171231,133360,65479,67881
20180101,144739,72293,72446
20180102,152676,75631,77045
20180103,132510,62268,70242
20180104,124727,55682,69045
20180105,122641,57222,65419
20180106,124719,56361,68358
20180107,130882,58037,72845
20180108,120671,51781,68890
20180109,114580,52472,62108
20180110,112255,53395,58860
20180111,114579,55033,59546
20180112,135133,67695,67438
20180113,124527,60428,64099
20180114,136300,62700,73600
20180115,129249,59074,70175
20180116,126411,59587,66824
20180117,120675,56088,64587
20180118,128528,61277,67251
20180119,141069,67763,73306
20180120,142630,68197,74433
20180121,150634,71242,79392
20180122,133614,60071,73543
20180123,137952,64730,73222
20180124,138067,65422,72645
20180125,147424,66013,81411
20180126,160867,76937,83930
20180127,154511,76138,78373
20180128,159720,76339,83381
20180129,148773,72936,75837
20180130,143971,73535,70436
20180131,141479,72805,68674
20180201,148388,75825,72563
20180202,152245,78500,73745
20180203,153984,79294,74690
20180204,159167,81462,77705
20180205,144810,77578,67232
20180206,139252,75128,64124
20180207,146923,79138,67785
20180208,149197,81200,67997
20180209,160606,86489,74117
20180210,166961,89292,77669
20180211,157814,88644,69170
20180212,148374,83192,65182
20180213,167273,89874,77399
20180214,157185,80607,76578
20180215,144162,70759,73403
20180216,148503,70492,78011
20180217,148876,75540,73336
20180218,167816,84659,83157
20180219,176017,91994,84023
20180220,190850,101438,89412
20180221,171870,83935,87935
20180222,163472,78100,85372
20180223,171063,78558,92505
20180224,169347,78395,90952
20180225,174287,82944,91343
20180226,147243,68099,79144
20180227,149083,68387,80696
20180228,151045,70407,80638
20180301,138640,68693,69947
20180302,139478,71274,68204
20180303,148500,73880,74620
20180304,156128,76477,79651
20180305,141693,67496,74197
20180306,138757,68734,70023
20180307,133771,67378,66393
20180308,142426,71008,71418
20180309,151143,78989,72154
20180310,146258,74658,71600
20180311,155318,77170,78148
20180312,142840,68672,74168
20180313,144334,73391,70943
20180314,135972,68166,67806
20180315,147882,73292,74590
20180316,157921,82833,75088
20180317,150717,79264,71453
20180318,165488,81802,83686
20180319,147513,71070,76443
20180320,151905,73685,78220
20180321,141725,70553,71172
20180322,147491,74096,73395
20180323,161933,84678,77255
20180324,154483,79791,74692
20180325,163797,81196,82601
20180326,154202,73593,80609
20180327,153551,77101,76450
20180328,150422,73415,77007
20180329,152154,74954,77200
20180330,170842,84789,86053
20180331,169620,79678,89942
20180401,177582,80045,97537
20180402,154486,67202,87284
20180403,155694,66575,89119
20180404,167151,71267,95884
20180405,156300,73470,82830
20180406,160034,80253,79781
20180407,173755,93301,80454
20180408,197218,108977,88241
20180409,170926,93547,77379
20180410,157104,83130,73974
20180411,152749,79847,72902
20180412,149138,76236,72902
20180413,155212,80813,74399
20180414,152251,79168,73083
20180415,165964,82430,83534
20180416,150936,74242,76694
20180417,157438,77926,79512
20180418,145260,70735,74525
20180419,149871,72819,77052
20180420,166240,83670,82570
20180421,169199,85870,83329
20180422,170653,84439,86214
20180423,152416,75898,76518
20180424,150133,76847,73286
20180425,142895,74560,68335
20180426,153141,80893,72248
20180427,172361,90288,82073
20180428,173372,92280,81092
20180429,152151,87583,64568
20180430,137911,74311,63600
20180501,161851,79681,82170
20180502,141140,70477,70663
20180503,133101,67082,66019
20180504,134101,66167,67934
20180505,144434,68294,76140
20180506,151044,69345,81699
20180507,133781,58306,75475
20180508,141609,65132,76477
20180509,125238,57548,67690
20180510,133490,65219,68271
20180511,146835,74283,72552
20180512,153005,78062,74943
20180513,152845,75396,77449
20180514,142220,67629,74591
20180515,146620,70723,75897
20180516,137755,66407,71348
20180517,153955,74993,78962
20180518,159692,80749,78943
20180519,164752,87310,77442
20180520,165579,83957,81622
20180521,149853,74470,75383
20180522,163524,79545,83979
20180523,140894,66979,73915
20180524,143233,71630,71603
20180525,158239,81659,76580
20180526,161744,85007,76737
20180527,164369,83571,80798
20180528,144376,72628,71748
20180529,136372,68709,67663
20180530,141245,70294,70951
20180531,141674,70738,70936
20180601,150348,76756,73592
20180602,141783,72856,68927
20180603,157523,78999,78524
20180604,139169,69917,69252
20180605,127651,57983,69668
20180606,130132,60521,69611
20180607,140985,69064,71921
20180608,157946,79616,78330
20180609,164109,83513,80596
20180610,165939,81125,84814
20180611,147309,73386,73923
20180612,159211,77541,81670
20180613,150097,74816,75281
20180614,151939,77372,74567
20180615,167487,84477,83010
20180616,170254,86734,83520
20180617,156679,78036,78643
20180618,159614,79032,80582
20180619,162005,77265,84740
20180620,150121,69784,80337
20180621,148426,68782,79644
20180622,158711,76024,82687
20180623,166589,81402,85187
20180624,172803,84929,87874
20180625,153423,75044,78379
20180626,150244,73561,76683
20180627,148146,73210,74936
20180628,156362,76485,79877
20180629,172139,82113,90026
20180630,182707,86719,95988
20180701,174473,81569,92904
20180702,156414,68824,87590
20180703,158046,71499,86547
20180704,149901,67688,82213
20180705,150871,70555,80316
20180706,163872,81677,82195
20180707,168452,83817,84635
20180708,171215,82973,88242
20180709,156213,76254,79959
20180710,110739,48172,62567
20180711,124197,68039,56158
20180712,144347,67950,76397
20180713,116000,52118,63882
20180714,121627,53843,67784
20180715,132655,56311,76344
20180716,158666,77718,80948
20180717,144644,72322,72322
20180718,152505,77506,74999
20180719,128560,59824,68736
20180720,164698,85932,78766
20180721,158473,84145,74328
20180722,172577,87698,84879
20180723,156199,79440,76759
20180724,151891,77819,74072
20180725,155469,79274,76195
20180726,153823,80929,72894
20180727,163737,86307,77430
20180728,155565,82497,73068
20180729,177114,91281,85833
20180730,155043,79414,75629
20180731,151168,78690,72478
20180801,156960,79441,77519
20180802,147480,75632,71848
20180803,158532,80381,78151
20180804,159224,82765,76459
20180805,172031,86200,85831
20180806,153997,76968,77029
20180807,145559,74309,71250
20180808,148067,74788,73279
20180809,148758,73667,75091
20180810,166789,82448,84341
20180811,160141,79886,80255
20180812,172873,82807,90066
20180813,167587,82650,84937
20180814,149292,71277,78015
20180815,160770,77023,83747
20180816,157899,76960,80939
20180817,166158,82750,83408
20180818,167971,84548,83423
20180819,178683,87667,91016
20180820,160710,80121,80589
20180821,151530,75988,75542
20180822,154839,76675,78164
20180823,147730,76429,71301
20180824,161454,81678,79776
20180825,158024,81797,76227
20180826,176522,88620,87902
20180827,156846,78660,78186
20180828,148923,75517,73406
20180829,144822,74411,70411
20180830,136374,68093,68281
20180831,42204,13058,29146
20180901,148193,73441,74752
20180902,158374,78196,80178
20180903,135743,64584,71159
20180904,120606,59991,60615
20180905,135028,65910,69118
20180906,130201,66824,63377
20180907,144938,76482,68456
20180908,137366,72275,65091
20180909,156459,79812,76647
20180910,138685,68676,70009
20180911,128091,62217,65874
20180912,139100,67725,71375
20180913,138598,68294,70304
20180914,151849,76617,75232
20180915,140789,73849,66940
20180916,128489,67252,61237
20180917,140541,70226,70315
20180918,140836,71977,68859
20180919,138337,71581,66756
20180920,138908,73931,64977
20180921,160025,84302,75723
20180922,157933,86854,71079
20180923,146423,78044,68379
20180924,136606,75476,61130
20180925,153962,73236,80726
20180926,141462,71624,69838
20180927,133827,70444,63383
20180928,132666,72633,60033
20180929,136591,78106,58485
20180930,142291,85973,56318
20181001,142686,82523,60163
20181002,135645,77944,57701
20181003,131612,67693,63919
20181004,123476,57347,66129
20181005,147540,61675,85865
20181006,148660,61495,87165
20181007,149551,61064,88487
20181008,135082,53703,81379
20181009,138206,55080,83126
20181010,156123,70109,86014
20181011,141423,67009,74414
20181012,149828,74945,74883
20181013,156535,84177,72358
20181014,170723,90672,80051
20181015,151954,77922,74032
20181016,144379,74591,69788
20181017,154767,78483,76284
20181018,152626,75066,77560
20181019,164147,83504,80643
20181020,162352,82782,79570
20181021,175114,86368,88746
20181022,154569,76648,77921
20181023,145831,74036,71795
20181024,148598,74075,74523
20181025,153564,78409,75155
20181026,165909,85788,80121
20181027,162463,87199,75264
20181028,164010,82837,81173
20181029,146904,73100,73804
20181030,138623,70153,68470
20181031,137457,70403,67054
20181101,142043,74928,67115
20181102,154456,80178,74278
20181103,150069,79110,70959
20181104,160217,78596,81621
20181105,144790,70568,74222
20181106,142376,70465,71911
20181107,141168,69050,72118
20181108,146494,72239,74255
20181109,160411,81207,79204
20181110,160169,81966,78203
20181111,165583,81939,83644
20181112,135665,61997,73668
20181113,146575,73510,73065
20181114,143142,71296,71846
20181115,149369,74383,74986
20181116,164450,85252,79198
20181117,161002,85883,75119
20181118,175285,89879,85406
20181119,151950,77333,74617
20181120,145460,78570,66890
20181121,144217,77324,66893
20181122,148357,83942,64415
20181123,159496,90518,68978
20181124,150120,75390,74730
20181125,166652,74710,91942
20181126,158138,70944,87194
20181127,142249,64299,77950
20181128,138548,64474,74074
20181129,144900,71880,73020
20181130,157872,80930,76942
20181201,149743,76883,72860
20181202,159788,78272,81516
20181203,144527,71181,73346
20181204,141321,69717,71604
20181205,135512,67515,67997
20181206,139055,69868,69187
20181207,151893,76559,75334
20181208,146835,76671,70164
20181209,160890,80745,80145
20181210,147476,70873,76603
20181211,138440,69040,69400
20181212,142844,70742,72102
20181213,142499,71371,71128
20181214,159571,80301,79270
20181215,156561,82903,73658
20181216,164209,82274,81935
20181217,149240,76170,73070
20181218,141841,74918,66923
20181219,143026,76772,66254
20181220,147796,80331,67465
20181221,157035,85491,71544
20181222,156341,86558,69783
20181223,154552,82141,72411
20181224,139082,72579,66503
20181225,142611,72073,70538
20181226,153934,75188,78746
20181227,159842,77255,82587
20181228,175022,80647,94375
20181229,173844,81081,92763
20181230,168334,81925,86409
20181231,152738,76681,76057
20190101,169524,88326,81198
20190102,163684,84688,78996
20190103,144853,71515,73338
20190104,132253,63345,68908
20190105,130459,61449,69010
20190106,144181,64715,79466
20190107,127623,55618,72005
20190108,115755,52024,63731
20190109,114308,53116,61192
20190110,122606,58432,64174
20190111,136432,66644,69788
20190112,140366,66633,73733
20190113,147288,67263,80025
20190114,140288,61978,78310
20190115,134935,60000,74935
20190116,134184,62485,71699
20190117,141947,67061,74886
20190118,157895,73751,84144
20190119,159767,74935,84832
20190120,167480,76958,90522
20190121,155069,73600,81469
20190122,150151,73706,76445
20190123,150810,75224,75586
20190124,157309,81982,75327
20190125,169217,86910,82307
20190126,169016,88069,80947
20190127,172374,89765,82609
20190128,113534,51603,61931
20190129,80165,33371,46794
20190130,115785,49019,66766
20190131,127339,54794,72545
20190201,136167,57607,78560
20190202,143557,61680,81877
20190203,127294,53848,73446
20190204,104589,46693,57896
20190205,95365,33226,62139
20190206,123506,52944,70562
20190207,137738,62825,74913
20190208,137587,65302,72285
20190209,145783,70167,75616
20190210,148692,72154,76538
20190211,137610,65032,72578
20190212,124832,58642,66190
20190213,115661,51689,63972
20190214,90967,38813,52154
20190215,118779,52483,66296
20190216,116118,52992,63126
20190217,122068,50944,71124
20190218,117234,46946,70288
20190219,123403,53686,69717
20190220,141156,62789,78367
20190221,133639,61423,72216
20190222,154655,76363,78292
20190223,147510,70643,76867
20190224,153192,66910,86282
20190225,142557,61240,81317
20190226,146236,59404,86832
20190227,164399,67655,96744
20190228,170729,72737,97992
20190301,166566,86394,80172
20190302,152989,91612,61377
20190303,176900,101329,75571
20190304,161950,90794,71156
20190305,144839,80480,64359
20190306,137914,73826,64088
20190307,145251,74616,70635
20190308,155698,79725,75973
20190309,150201,75996,74205
20190310,169073,84587,84486
20190311,156057,76344,79713
20190312,148856,72578,76278
20190313,132161,57981,74180
20190314,106372,44289,62083
20190315,129630,57519,72111
20190316,160187,83335,76852
20190317,172369,84438,87931
20190318,165355,80364,84991
20190319,151526,73149,78377
20190320,155818,78096,77722
20190321,159615,83076,76539
20190322,150481,71724,78757
20190323,168196,88152,80044
20190324,176640,86588,90052
20190325,164689,79834,84855
20190326,157663,75689,81974
20190327,161415,78037,83378
20190328,160190,73264,86926
20190329,135739,56236,79503
20190330,173149,81375,91774
20190331,177640,81834,95806
20190401,149658,71111,78547
20190402,147326,69249,78077
20190403,168885,76440,92445
20190404,167432,78434,88998
20190405,147712,83039,64673
20190406,161870,87430,74440
20190407,198114,107353,90761
20190408,173683,89970,83713
20190409,154219,79872,74347
20190410,150551,76099,74452
20190411,155857,79922,75935
20190412,171559,88215,83344
20190413,164859,88787,76072
20190414,174758,90238,84520
20190415,172333,85470,86863
20190416,160810,81283,79527
20190417,158975,81767,77208
20190418,166842,83505,83337
20190419,176769,89830,86939
20190420,184358,91223,93135
20190421,189919,93642,96277
20190422,169288,84468,84820
20190423,170271,88119,82152
20190424,160969,83348,77621
20190425,163149,84186,78963
20190426,189210,98636,90574
20190427,175201,91028,84173
20190428,177182,95283,81899
20190429,151813,83511,68302
20190430,159326,86213,73113
20190501,185962,101247,84715
20190502,159939,81297,78642
20190503,164584,75391,89193
20190504,158528,68382,90146
20190505,165820,76334,89486
20190506,148194,61855,86339
20190507,145290,61636,83654
20190508,139251,61673,77578
20190509,141521,65951,75570
20190510,161030,79781,81249
20190511,159476,81103,78373
20190512,168355,84666,83689
20190513,157201,71871,85330
20190514,147138,68824,78314
20190515,160696,77964,82732
20190516,156624,79665,76959
20190517,175402,85231,90171
20190518,167316,86492,80824
20190519,174848,87690,87158
20190520,171104,82132,88972
20190521,152473,74889,77584
20190522,160704,78776,81928
20190523,165226,81635,83591
20190524,171363,86838,84525
20190525,165704,85932,79772
20190526,175612,89842,85770
20190527,161923,84138,77785
20190528,157715,82683,75032
20190529,156582,80746,75836
20190530,152568,78229,74339
20190531,163765,83792,79973
20190601,170864,88644,82220
20190602,164545,81527,83018
20190603,144138,73551,70587
20190604,148420,73330,75090
20190605,151630,75932,75698
20190606,161552,78368,83184
20190607,162905,77322,85583
20190608,163290,78704,84586
20190609,184574,91559,93015
20190610,165477,80474,85003
20190611,152772,74036,78736
20190612,161840,78442,83398
20190613,150777,73328,77449
20190614,181494,92694,88800
20190615,169506,86014,83492
20190616,178004,85637,92367
20190617,173291,83637,89654
20190618,159524,76616,82908
20190619,160099,76876,83223
20190620,167426,81672,85754
20190621,171372,84321,87051
20190622,176402,85843,90559
20190623,175496,83399,92097
20190624,160412,77858,82554
20190625,165731,79887,85844
20190626,158788,75408,83380
20190627,164643,80274,84369
20190628,171187,81468,89719
20190629,182818,88670,94148
20190630,180158,86265,93893
20190701,171532,79931,91601
20190702,162931,76876,86055
20190703,159343,75561,83782
20190704,162285,80031,82254
20190705,173732,85288,88444
20190706,171185,85964,85221
20190707,172506,84392,88114
20190708,175157,85409,89748
20190709,148764,73581,75183
20190710,152851,76229,76622
20190711,172871,89425,83446
20190712,165890,85619,80271
20190713,168986,89578,79408
20190714,177765,90909,86856
20190715,164898,83236,81662
20190716,160726,82388,78338
20190717,158314,80138,78176
20190718,150708,76933,73775
20190719,161770,83784,77986
20190720,173108,89977,83131
20190721,185239,94395,90844
20190722,165270,83844,81426
20190723,156083,80172,75911
20190724,172859,89520,83339
20190725,162923,84766,78157
20190726,173686,90495,83191
20190727,176427,94586,81841
20190728,181600,92915,88685
20190729,168412,86828,81584
20190730,155575,81005,74570
20190731,163815,85156,78659
20190801,159940,80708,79232
20190802,169477,87087,82390
20190803,167490,88323,79167
20190804,179446,89870,89576
20190805,156315,78586,77729
20190806,154877,77239,77638
20190807,163102,80793,82309
20190808,153126,73666,79460
20190809,96343,45340,51003
20190810,194622,100087,94535
20190811,191130,94702,96428
20190812,158974,79602,79372
20190813,153684,72213,81471
20190814,167018,80123,86895
20190815,158702,75631,83071
20190816,177304,81908,95396
20190817,175412,85842,89570
20190818,179501,84440,95061
20190819,171690,82251,89439
20190820,159508,76750,82758
20190821,166462,80455,86007
20190822,159360,77824,81536
20190823,175682,87760,87922
20190824,136137,66582,69555
20190825,196173,104119,92054
20190826,176773,93464,83309
20190827,161412,83326,78086
20190828,160180,83470,76710
20190829,157259,83600,73659
20190830,155460,77378,78082
20190831,154853,78071,76782
20190901,162852,79919,82933
20190902,143011,66666,76345
20190903,132080,63105,68975
20190904,136342,66367,69975
20190905,137142,69597,67545
20190906,155488,81434,74054
20190907,142847,75692,67155
20190908,158108,82965,75143
20190909,126930,63930,63000
20190910,125707,68602,57105
20190911,139319,73208,66111
20190912,148308,77443,70865
20190913,137469,68007,69462
20190914,127510,65982,61528
20190915,172255,84314,87941
20190916,155713,71948,83765
20190917,142799,65660,77139
20190918,134497,60577,73920
20190919,133712,62788,70924
20190920,152643,75508,77135
20190921,148710,78992,69718
20190922,160693,83161,77532
20190923,155465,77517,77948
20190924,140550,73456,67094
20190925,145427,77187,68240
20190926,141231,76806,64425
20190927,156280,88328,67952
20190928,151168,86963,64205
20190929,149489,84485,65004
20190930,105679,57485,48194
20191001,155827,93634,62193
20191002,134876,77107,57769
20191003,133727,70177,63550
20191004,146320,69355,76965
20191005,150833,64384,86449
20191006,163612,64848,98764
20191007,142900,50602,92298
20191008,144606,51250,93356
20191009,164015,57170,106845
20191010,165569,63751,101818
20191011,171662,84786,86876
20191012,142943,82812,60131
20191013,188315,107098,81217
20191014,178644,97032,81612
20191015,158485,85401,73084
20191016,149613,77907,71706
20191017,150986,76337,74649
20191018,168251,86856,81395
20191019,166359,88370,77989
20191020,178612,91885,86727
20191021,161465,83009,78456
20191022,153302,79694,73608
20191023,154890,80588,74302
20191024,154088,80301,73787
20191025,169493,88516,80977
20191026,167579,89682,77897
20191027,168107,85407,82700
20191028,151917,74748,77169
20191029,138725,69362,69363
20191030,137900,69564,68336
20191031,144939,75457,69482
20191101,158070,82678,75392
20191102,147071,77890,69181
20191103,163968,81373,82595
20191104,148573,70997,77576
20191105,147928,70298,77630
20191106,135908,65893,70015
20191107,145538,70763,74775
20191108,161323,81966,79357
20191109,159509,82371,77138
20191110,167594,84114,83480
20191111,154074,75306,78768
20191112,148894,72820,76074
20191113,145231,71299,73932
20191114,153261,77201,76060
20191115,172760,88520,84240
20191116,161776,83927,77849
20191117,174603,86392,88211
20191118,156472,77125,79347
20191119,148214,75353,72861
20191120,148174,75618,72556
20191121,152727,78332,74395
20191122,164025,85121,78904
20191123,158315,83730,74585
20191124,171704,86251,85453
20191125,154940,77447,77493
20191126,141342,71013,70329
20191127,142268,71640,70628
20191128,145412,73259,72153
20191129,159897,82371,77526
20191130,154231,81425,72806
20191201,165606,81873,83733
20191202,144685,72038,72647
20191203,139529,73232,66297
20191204,142410,71311,71099
20191205,141130,72431,68699
20191206,158563,82408,76155
20191207,146314,76422,69892
20191208,162034,78996,83038
20191209,148640,72622,76018
20191210,140709,68734,71975
20191211,136335,67410,68925
20191212,143710,71872,71838
20191213,159510,82841,76669
20191214,153150,80891,72259
20191215,166035,82509,83526
20191216,152193,76323,75870
20191217,144982,71967,73015
20191218,144285,74370,69915
20191219,147801,78699,69102
20191220,168722,90425,78297
20191221,156695,86818,69877
20191222,159206,86780,72426
20191223,146522,79536,66986
20191224,141949,79126,62823
20191225,145564,78388,67176
20191226,149386,78321,71065
20191227,163610,83861,79749
20191228,175302,87505,87797
20191229,158443,79007,79436
20191230,143815,71450,72365
20191231,142714,68370,74344
20200101,155720,74280,81440
20200102,147791,70216,77575
20200103,143648,67140,76508
20200104,140482,67426,73056
20200105,155516,73388,82128
20200106,135048,64143,70905
20200107,123142,62543,60599
20200108,119263,66095,53168
20200109,130547,78991,51556
20200110,153189,91679,61510
20200111,148066,68865,79201
20200112,154198,58395,95803
20200113,139730,52437,87293
20200114,139206,55641,83565
20200115,147679,64887,82792
20200116,149000,69449,79551
20200117,165611,79091,86520
20200118,167243,80578,86665
20200119,166350,80254,86096
20200120,156488,77561,78927
20200121,169355,80794,88561
20200122,179671,88033,91638
20200123,179106,87221,91885
20200124,155434,75875,79559
20200125,137454,62596,74858
20200126,147520,69022,78498
20200127,156495,75533,80962
20200128,163695,82415,81280
20200129,171394,88489,82905
20200130,147593,73869,73724
20200131,149718,74601,75117
20200201,139273,72159,67114
20200202,148611,78055,70556
20200203,128803,68430,60373
20200204,123710,66117,57593
20200205,113917,61370,52547
20200206,104164,57931,46233
20200207,99661,54738,44923
20200208,100503,57787,42716
20200209,105056,60096,44960
20200210,88834,50763,38071
20200211,79472,44262,35210
20200212,71835,39918,31917
20200213,66877,37274,29603
20200214,64618,34786,29832
20200215,64978,36221,28757
20200216,64014,35316,28698
20200217,57101,31261,25840
20200218,52430,29726,22704
20200219,47945,26435,21510
20200220,45721,24940,20781
20200221,45343,24225,21118
20200222,43287,24592,18695
20200223,44414,24365,20049
20200224,39143,17929,21214
20200225,34833,16917,17916
20200226,30987,15424,15563
20200227,28388,14112,14276
20200228,29784,14805,14979
20200229,28707,16181,12526
20200301,31160,16310,14850
20200302,24997,12284,12713
20200303,23344,11827,11517
20200304,21133,10026,11107
20200305,19930,9291,10639
20200306,19582,8858,10724
20200307,19026,9504,9522
20200308,21221,10699,10522
20200309,17300,8072,9228
20200310,17372,8065,9307
20200311,15945,7581,8364
20200312,15532,7702,7830
20200313,14994,7550,7444
20200314,16443,9277,7166
20200315,19038,10785,8253
20200316,15099,8294,6805
20200317,14164,8423,5741
20200318,14151,8508,5643
20200319,11448,6511,4937
20200320,10812,5607,5205
20200321,8435,4965,3470
20200322,7309,4413,2896
20200323,5424,3006,2418
20200324,5216,2986,2230
20200325,4438,2776,1662
20200326,4004,2792,1212
20200327,4000,2303,1697
20200328,3230,1922,1308
20200329,2774,1761,1013
20200330,2965,1959,1006
20200331,3171,1799,1372
20200401,2675,1588,1087
20200402,2567,1374,1193
20200403,1510,1019,491
20200404,1064,629,435
20200405,1605,1121,484
20200406,1445,706,739
20200407,1388,700,688
20200408,1434,653,781
20200409,1366,681,685
20200410,1485,867,618
20200411,1303,784,519
20200412,2018,1262,756
20200413,1474,602,872
20200414,722,371,351
20200415,1916,777,1139
20200416,1394,653,741
20200417,1232,851,381
20200418,1134,714,420
20200419,1269,689,580
20200420,1766,968,798
20200421,945,572,373
20200422,1578,683,895
20200423,1456,614,842
20200424,990,491,499
20200425,735,310,425
20200426,1442,852,590
20200427,982,214,768
20200428,525,299,226
20200429,1789,783,1006
20200430,2051,785,1266
20200501,2639,1259,1380
20200502,1612,1010,602
20200503,1886,1032,854
20200504,1757,744,1013
20200505,932,299,633
20200506,1795,903,892
20200507,921,599,322
20200508,1448,523,925
20200509,1220,576,644
20200510,2051,1151,900
20200511,1651,548,1103
20200512,685,204,481
20200513,1563,766,797
20200514,1317,869,448
20200515,2111,794,1317
20200516,1698,846,852
20200517,1867,1029,838
20200518,1789,573,1216
20200519,1195,208,987
20200520,1934,1241,693
20200521,1238,634,604
20200522,1493,719,774
20200523,925,369,556
20200524,1578,963,615
20200525,1305,439,866
20200526,1090,310,780
20200527,1694,777,917
20200528,1306,727,579
20200529,2641,914,1727
20200530,1372,557,815
20200531,2136,1099,1037
20200601,2474,959,1515
20200602,2070,708,1362
20200603,2159,1370,789
20200604,1685,1157,528
20200605,2599,1018,1581
20200606,1526,691,835
20200607,2571,1538,1033
20200608,3071,1316,1755
20200609,1480,552,928
20200610,2142,1489,653
20200611,1945,884,1061
20200612,1734,780,954
20200613,1719,912,807
20200614,2198,1425,773
20200615,2065,866,1199
20200616,1788,668,1120
20200617,2622,1653,969
20200618,1059,532,527
20200619,2326,1007,1319
20200620,1845,892,953
20200621,1800,1054,746
20200622,2280,1524,756
20200623,1371,565,806
20200624,2484,1440,1044
20200625,1472,565,907
20200626,1952,852,1100
20200627,1758,1024,734
20200628,2112,1325,787
20200629,1679,737,942
20200630,2186,744,1442
20200701,3942,1599,2343
20200702,3208,1357,1851
20200703,3910,1903,2007
20200704,2149,1140,1009
20200705,3868,2371,1497
20200706,2471,1000,1471
20200707,2470,880,1590
20200708,3216,1505,1711
20200709,2804,1180,1624
20200710,3514,1437,2077
20200711,1992,1096,896
20200712,3762,2052,1710
20200713,2259,914,1345
20200714,2076,719,1357
20200715,3329,1429,1900
20200716,2867,1176,1691
20200717,3404,1651,1753
20200718,1583,986,597
20200719,3337,2093,1244
20200720,3079,1144,1935
20200721,2596,703,1893
20200722,2839,1256,1583
20200723,3019,1189,1830
20200724,2551,1176,1375
20200725,1194,579,615
20200726,3566,2179,1387
20200727,2319,863,1456
20200728,2493,697,1796
20200729,2699,1455,1244
20200730,2686,1249,1437
20200731,3572,1673,1899
20200801,1461,814,647
20200802,4230,2597,1633
20200803,2762,959,1803
20200804,2613,991,1622
20200805,4351,2010,2341
20200806,3693,1390,2303
20200807,4348,2366,1982
20200808,1081,546,535
20200809,4447,2620,1827
20200810,2777,757,2020
20200811,2076,797,1279
20200812,3853,1616,2237
20200813,3810,1374,2436
20200814,4682,2111,2571
20200815,1056,573,483
20200816,4891,2983,1908
20200817,3085,940,2145
20200818,1942,775,1167
20200819,4276,1742,2534
20200820,3992,1742,2250
20200821,3893,1979,1914
20200822,1194,555,639
20200823,4421,2751,1670
20200824,2502,853,1649
20200825,1895,819,1076
20200826,4402,2189,2213
20200827,3597,1376,2221
20200828,4336,2219,2117
20200829,1533,678,855
20200830,4666,2984,1682
20200831,2873,1223,1650
20200901,2876,1314,1562
20200902,3832,1739,2093
20200903,3228,1314,1914
20200904,4710,2298,2412
20200905,1200,533,667
20200906,4327,2597,1730
20200907,2788,1158,1630
20200908,2533,1357,1176
20200909,4619,2010,2609
20200910,4004,1946,2058
20200911,4360,2584,1776
20200912,1290,809,481
20200913,4251,2599,1652
20200914,3165,1693,1472
20200915,3015,1850,1165
20200916,3906,2264,1642
20200917,3434,1527,1907
20200918,4478,2407,2071
20200919,1428,780,648
20200920,3853,2506,1347
20200921,2786,1241,1545
20200922,2218,1398,820
20200923,3575,2068,1507
20200924,3222,1691,1531
20200925,4406,2281,2125
20200926,1614,989,625
20200927,3728,2396,1332
20200928,2532,1347,1185
20200929,2161,1362,799
20200930,4612,2858,1754
20201001,2379,1165,1214
20201002,3295,1735,1560
20201003,1169,726,443
20201004,3620,2167,1453
20201005,2683,1007,1676
20201006,2132,1165,967
20201007,3983,1955,2028
20201008,4128,1217,2911
20201009,3418,1771,1647
20201010,1791,585,1206
20201011,4918,2517,2401
20201012,1695,832,863
20201013,1556,874,682
20201014,3309,1567,1742
20201015,3049,1262,1787
20201016,3925,2074,1851
20201017,1844,783,1061
20201018,3538,2055,1483
20201019,2336,916,1420
20201020,1879,1112,767
20201021,3158,1589,1569
20201022,2863,1352,1511
20201023,3786,1940,1846
20201024,1293,586,707
20201025,3443,2033,1410
20201026,1854,841,1013
20201027,1915,921,994
20201028,3373,1751,1622
20201029,2500,1153,1347
20201030,4004,2274,1730
20201031,1443,731,712
20201101,3902,2455,1447
20201102,2398,1165,1233
20201103,1773,1032,741
20201104,3783,1901,1882
20201105,2735,1429,1306
20201106,3502,1981,1521
20201107,1536,884,652
20201108,3926,2494,1432
20201109,1827,980,847
20201110,2082,1318,764
20201111,3317,1671,1646
20201112,2360,1175,1185
20201113,3922,2414,1508
20201114,1799,964,835
20201115,4381,2615,1766
20201116,2435,1163,1272
20201117,1733,1049,684
20201118,3805,1787,2018
20201119,2624,1332,1292
20201120,3699,2179,1520
20201121,1662,914,748
20201122,3630,2432,1198
20201123,2119,1274,845
20201124,2046,1145,901
20201125,4105,2074,2031
20201126,3050,1773,1277
20201127,4855,3335,1520
20201128,2706,1464,1242
20201129,5746,4514,1232
20201130,2900,2011,889
20201201,1978,1162,816
20201202,3214,1545,1669
20201203,2315,1197,1118
20201204,4150,2361,1789
20201205,1751,909,842
20201206,3903,2620,1283
20201207,1966,1119,847
20201208,2125,1351,774
20201209,3215,1712,1503
20201210,2952,1604,1348
20201211,4065,2506,1559
20201212,2302,1163,1139
20201213,3792,2533,1259
20201214,2399,1208,1191
20201215,2181,1285,896
20201216,3366,1791,1575
20201217,2697,1239,1458
20201218,3441,1681,1760
20201219,1680,760,920
20201220,4092,2484,1608
20201221,1737,920,817
20201222,1733,1045,688
20201223,3372,1528,1844
20201224,2191,1278,913
20201225,2882,1666,1216
20201226,1386,750,636
20201227,3116,2023,1093
20201228,1844,829,1015
20201229,1938,1306,632
20201230,3839,1904,1935
20201231,2487,1461,1026